150 13 1
0.90909 1 1 0.65 0.57092 0 1 0.5396 0 0.3871 0.66667 1 0.42857 1
0.87013 0 0.75 0.575 1 0 1 0.79208 0 0.25806 0.66667 0 1 0
0.74026 1 0.5 0.62 0.46277 0 0 0.69802 0 0.048387 0.33333 0 1 1
0.83117 1 1 0.64 0.46631 0 0 0.5198 1 0.032258 0.66667 0.33333 1 0
0.96104 0 0.5 0.6 0.47695 0 1 0.59901 1 0.032258 0.33333 0.33333 0.42857 0
0.84416 1 1 0.6 0.31383 0 0 0.69307 0 0.064516 0.33333 0 1 0
0.72727 1 0.75 0.65 0.4539 1 1 0.70297 1 0.096774 0.66667 0.33333 0.85714 1
0.76623 1 1 0.55 0.42376 0 1 0.70297 1 0.19355 0.66667 0.33333 1 1
0.77922 1 1 0.7 0.5195 0 1 0.84158 0 0.19355 0.66667 0.66667 1 1
0.81818 0 1 0.75 0.72163 0 1 0.76238 0 0.064516 0.66667 1 1 1
0.76623 1 1 0.675 0.41489 0 0 0.79703 0 0.080645 0.66667 0 1 0
0.68831 1 1 0.71 0.40071 0 1 0.5495 1 0 0.33333 0 1 0
0.57143 1 0.75 0.7 0.41667 0 1 0.89109 0 0 0.33333 0 0.42857 0
0.79221 1 0.25 0.67 0.41489 0 0 0.71782 0 0.41935 0.66667 0.66667 0.42857 1
0.74026 0 1 0.64 0.53723 0 1 0.78713 0 0 0.33333 0.33333 0.42857 0
0.92208 0 1 0.56 0.26418 0 0 0.61881 0 0.25806 0.66667 0 0.42857 0
0.5974 1 1 0.7 0.55142 0 0 0.59406 1 0.29032 0.66667 0.66667 1 1
0.68831 1 1 0.7 0.35993 1 1 0.76733 1 0.5 1 0 1 1
0.83117 1 0.25 0.55 0.37411 0 1 0.71287 1 0.29032 0.66667 0 0.42857 0
0.51948 1 0.25 0.7 0.35284 0 0 0.88119 1 0.22581 0.33333 0 1 0
0.87013 1 1 0.6 0.40603 0 1 0.63861 1 0.41935 0.66667 0.66667 1 1
0.62338 1 0.5 0.65 0.4344 0 1 0.89109 0 0.032258 0.66667 0 0.42857 0
0.55844 1 1 0.575 0.53723 0 0 0.89604 0 0.19355 0.66667 0 0.42857 0
0.61039 1 1 0.56 0.3617 0 0 0.70792 0 0.016129 0.33333 0 0.42857 0
0.7013 0 0.5 0.66 0.51064 1 1 0.78713 1 0 0.33333 0.33333 0.42857 0
0.62338 0 0.75 0.65 0.48759 0 0 0.68812 0 0.032258 0.33333 0 0.42857 0
0.5974 0 1 0.69 0.43085 0 1 0.75248 1 0 0.66667 0 0.42857 0
0.66234 0 0.75 0.6 0.52305 0 1 0.77723 0 0.096774 0.33333 0 0.42857 0
0.75325 1 0.75 0.56 0.4078 0 1 0.81683 0 0.40323 0.66667 0.33333 1 1
0.92208 0 0.75 0.55 0.46986 1 1 0.64356 0 0 0.33333 0.33333 0.42857 0
0.74026 1 0.75 0.64 0.40603 0 1 0.74257 0 0.064516 0.66667 0.33333 1 1
0.85714 1 1 0.8 0.40426 0 1 0.68317 0 0.37097 0.33333 0 0.85714 0
0.48052 0 0.75 0.6 0.38121 0 0 0.84158 0 0 0.33333 0 0.42857 0
0.76623 1 1 0.85 0.57801 0 1 0.69307 1 0.54839 1 0 1 1
0.64935 1 1 0.72 0.35461 0 1 0.62376 1 0.14516 0.66667 0 1 1
0.62338 1 1 0.65 0.4539 1 1 0.74257 1 0 0.33333 0.66667 1 1
0.79221 1 1 0.7 0.36702 0 1 0.68317 1 0.30645 0.33333 0.33333 1 1
0.76623 1 0.25 0.8 0.48404 0 1 0.61881 0 0 0.33333 0 0.42857 1
0.54545 1 0.75 0.65 0.31915 0 0 0.74257 0 0 0.33333 0 0.42857 0
0.62338 1 1 0.61 0.39362 0 1 0.92079 0 0 0.33333 0 0.42857 0
0.51948 1 1 0.76 0.39539 0 0 0.89604 0 0 0.33333 0 1 1
0.80519 0 1 0.62 0.37057 0 0 0.80693 0 0 0.33333 0 0.42857 0
0.57143 1 0.75 0.65 0.41312 0 0 0.88614 1 0.064516 0.33333 0 0.42857 0
0.5974 1 0.5 0.505 0.34929 1 0 0.77228 0 0 0.33333 0 1 0
0.76623 1 0.75 0.63 0.38652 1 0 0.66337 0 0.35484 0.66667 0.33333 0.85714 1
0.75325 1 0.75 0.7 0.37411 1 1 0.81683 0 0 0.33333 0 0.42857 0
0.63636 1 0.75 0.59 0.26418 0 1 0.62376 0 0.12903 0.33333 1 0.42857 1
0.57143 1 1 0.55 0.34929 0 1 0.87624 0 0 0.33333 0.33333 0.42857 1
0.85714 1 0.5 0.8 0.43617 0 0 0.59406 1 0 0.66667 1 0.85714 1
0.84416 0 1 0.75 0.39894 0 1 0.56436 0 0.016129 0.66667 1 1 1
0.54545 1 1 0.68 0.55851 0 0 0.61881 1 0.29032 0.66667 0 0.85714 1
0.67532 1 0.5 0.64 0.36348 1 0 0.91089 0 0 0.33333 0 0.42857 0
0.84416 0 0.75 0.7 0.73936 1 1 0.77723 0 0.12903 0.33333 0.33333 0.42857 0
0.81818 0 0.5 0.7 0.34574 0 0 0.88614 0 0 0.33333 0.66667 0.42857 0
0.58442 0 0.5 0.65 0.41489 0 1 0.86634 0 0.096774 0.66667 0 0.42857 0
0.53247 0 0.5 0.525 0.35106 0 0 0.83168 0 0 0.33333 0.33333 0.42857 0
0.79221 1 1 0.69 0.29433 0 1 0.61881 1 0.58065 0.66667 0.33333 0.42857 1
0.77922 0 0.75 0.6 0.3156 1 0 0.47525 0 0 0.33333 0 0.42857 0
0.76623 0 1 0.87 0.44149 0 0 0.70792 1 0 0.66667 0 0.42857 1
0.80519 1 0.5 0.6 0.49823 0 1 0.5099 0 0.22581 0.66667 0.33333 1 1
0.74026 1 0.75 0.75 0.2234 1 0 0.85644 0 0.032258 0.33333 0.33333 1 0
0.66234 0 1 0.65 0.54078 0 0 0.70297 1 0.19355 0.66667 0 1 1
0.57143 1 0.75 0.6 0.40071 0 0 0.83663 0 0 0.33333 0 0.42857 0
0.77922 0 0.25 0.75 0.42553 0 0 0.84653 0 0.14516 0.33333 0 0.42857 0
0.81818 1 0.25 0.725 0.41312 1 1 0.74257 0 0.37097 1 0 0.85714 0
0.74026 1 1 0.75 0.48936 0 1 0.55446 1 0.096774 0.66667 0.33333 0.85714 1
0.66234 1 1 0.7 0.46277 0 1 0.92079 1 0 0.33333 0 0.42857 0
0.75325 0 0.5 0.68 0.5656 1 1 0.75248 0 0 0.33333 0.66667 0.42857 1
0.57143 0 0.75 0.59 0.42908 0 0 0.73762 0 0.048387 0.66667 0.33333 0.42857 0
0.61039 1 0.75 0.54 0.43085 0 0 0.75248 0 0 0.33333 0 0.42857 1
0.79221 1 1 0.6 0.46099 0 0 0.69307 1 0.58065 0.66667 0.33333 1 1
0.74026 0 1 0.6 0.62766 0 0 0.80693 1 0.096774 0.33333 0 0.42857 0
0.90909 1 0.5 0.78 0.4344 0 1 0.70792 0 0 0.33333 0 0.42857 0
0.98701 0 0.75 0.7 0.34929 0 0.5 0.57426 0 0.17742 0.66667 0 0.42857 0
0.87013 0 1 0.53 0.39539 0 0 0.70297 0 0.048387 0.33333 0.66667 0.42857 0
0.58442 1 1 0.71 0.54787 0 1 0.72772 1 0 0.66667 1 1 1
0.58442 1 1 0.52 0.36879 0 1 0.73267 1 0.048387 0.66667 0 0.42857 0
0.50649 0 0.75 0.47 0.35284 0 0 0.88614 0 0 0.33333 0 0.42857 0
0.54545 0 0.75 0.6 0.37057 0 0 0.85644 0 0 0.66667 0 0.42857 0
0.72727 1 0.5 0.6 0.41844 0 0 0.88119 0 0.12903 0.33333 0 0.42857 0
0.75325 1 1 0.73 0.38652 0 0 0.5198 0 0.032258 0.66667 0.33333 1 1
0.45455 1 1 0.6 0.35106 0 0 0.64356 1 0.25806 0.66667 0 1 1
0.75325 1 1 0.75 0.47872 0 1 0.5495 1 0.12903 0.33333 0 1 1
0.53247 1 0.75 0.65 0.37943 0 1 0.83168 0 0.032258 0.66667 0 0.42857 0
0.74026 1 1 0.55 0.35638 0 0 0.62376 1 0.24194 0.66667 0 0.85714 0
0.54545 1 0.25 0.74 0.43262 0 1 0.88119 0 0.12903 0.33333 0.66667 0.42857 0
0.80519 1 0.5 0.64 0.36879 1 1 0.69307 0 0 0.33333 0 0.42857 0
0.76623 1 0.25 0.89 0.47872 0 1 0.71782 0 0.67742 1 0 1 0
0.53247 0 0.5 0.63 0.54255 0 0 0.80693 0 0 0.33333 0 0.42857 0
0.64935 1 1 0.75 0.43085 0 1 0.63366 0 0.41935 0.66667 0 1 1
0.76623 1 0.5 0.7 0.39184 0 0 0.81188 1 0 0.33333 0 0.42857 0
0.79221 0 1 0.65 0.58511 0 1 0.83663 0 0 0.33333 0 0.42857 1
0.7013 1 1 0.62 0.47163 0 1 0.5396 1 0.35484 0.66667 0.33333 1 1
0.7013 1 1 0.55 0.36525 0 1 0.53465 1 0 0.66667 0.33333 0.42857 1
0.67532 1 1 0.625 0.37589 0 0 0.83168 0 0.016129 0.33333 0.66667 1 1
0.61039 1 1 0.55 0.48759 0 1 0.58416 1 0.016129 0.66667 0.33333 0.42857 1
0.85714 1 1 0.6 0.53546 0 1 0.74752 0 0.064516 0.66667 0 0.42857 0
0.75325 1 1 0.5 0.41489 0 0 0.77228 0 0.016129 0.33333 0.33333 1 1
0.83117 0 0.75 0.7 0.55496 0 0 0.65842 0 0.032258 0.33333 0 1 0
0.64935 0 0.5 0.6 0.43262 0 0 0.80198 0 0.17742 0.33333 0 0.42857 0
0.57143 0 0.75 0.54 0.25 0 0 0.86634 0 0.096774 0.66667 0 0.42857 0
0.87013 1 1 0.6 0.42021 0 0 0.35149 0 0.016129 0.66667 0 0.42857 1
0.63636 0 1 0.65 0.47695 0 0 0.80693 0 0 0.33333 0 0.42857 0
0.74026 1 1 0.825 0.51241 1 1 0.61386 0 0.016129 0.66667 1 1 1
0.81818 1 1 0.65 0.45035 0 1 0.72772 0 0.22581 0.66667 0.33333 1 1
0.62338 1 1 0.62 0.48582 0 1 0.82178 0 0.080645 0.66667 0 1 1
0.66234 1 0.75 0.5 0.39362 0 0 0.70792 1 0.19355 0.66667 0 0.42857 0
0.77922 0 1 0.75 0.45745 0 1 0.77723 0 0.41935 0.66667 0.66667 1 1
0.76623 1 1 0.7 0.31383 0 0 0.80198 1 0 0.33333 0.33333 1 1
0.58442 0 0.5 0.56 0.28369 0 0 0.68317 0 0 0.66667 0 0.42857 0
0.71429 0 1 0.9 0.57979 0 0.5 0.57921 1 0.54839 0.66667 0 0.42857 1
0.53247 1 0.5 0.55 0.41667 0 0 0.75743 0 0 0.33333 0 0.42857 0
0.77922 0 1 0.79 0.54078 0 1 0.79703 0 0 0.33333 0 0.42857 1
0.7013 0 0.75 0.675 0.53901 1 0 0.84158 0 0 0.33333 0 0.42857 0
0.54545 1 0.5 0.6 0.52305 0 0 0.80198 0 0 0.33333 0 0.42857 0
0.63636 0 0.5 0.67 0.4805 0 0 0.80198 0 0 0.66667 0 0.42857 0
0.5974 1 1 0.6 0.44149 0 1 0.71287 0 0.12903 0.33333 0 1 1
0.72727 0 1 1 0.51064 1 1 0.65842 1 0.064516 1 0.66667 1 1
0.85714 0 0.25 0.75 0.40071 0 0 0.56436 0 0.41935 1 0 0.42857 0
0.72727 1 1 0.65 0.50177 1 1 0.5099 1 0.25806 1 0 1 1
0.63636 1 0.75 0.6 0.33333 0 0 0.68812 0 0.032258 0.66667 1 1 1
0.7013 1 1 0.61 0.50709 0 1 0.57426 1 0.51613 0.66667 0.66667 0.42857 1
0.74026 1 1 0.76 0.48582 0 0 0.43564 1 0.19355 0.66667 0.33333 1 1
0.84416 0 0.75 0.8 0.6383 0 1 0.74752 0 0.12903 0.33333 0 0.42857 0
0.7013 1 0.75 0.625 0.48404 0 1 0.75248 0 0.080645 1 0.33333 0.42857 0
0.7013 0 0.75 0.8 0.35638 0 0 0.80693 0 0 0.33333 0.33333 0.42857 0
0.80519 1 1 0.6 0.4734 0 0 0.4901 1 0.29032 0.66667 0.66667 1 1
0.67532 0 0.75 0.68 0.34752 0 1 0.83663 0 0.016129 0.66667 0 0.42857 0
0.67532 1 0.5 0.67 0.35638 0 0 0.78218 0 0.12903 0.33333 0.33333 0.42857 0
0.77922 1 1 0.585 0.4078 1 0 0.79208 1 0.22581 0.33333 0.66667 1 1
0.81818 0 1 0.54 0.47695 0 0 0.83663 1 0.29032 0.66667 0.66667 0.42857 1
0.85714 1 1 0.56 0.37589 0 1 0.65347 1 0.016129 0.33333 0.33333 0.42857 1
0.54545 1 1 0.7 0.40071 0 0 0.88119 0 0 0.33333 0 0.42857 0
0.83117 1 1 0.6 0.43617 0 1 0.47525 1 0.35484 1 0.33333 0.42857 1
0.7013 1 0.75 0.75 0.41135 0 1 0.81683 0 0.25806 0.33333 0 1 0
0.5974 0 0.75 0.71 0.31383 0 1 0.79208 1 0.22581 1 0 0.42857 0
0.87013 0 0.75 0.76 0.49113 0 0 0.85149 0 0 0.33333 0.33333 0.42857 0
0.72727 1 1 0.625 0.44149 1 1 0.71287 1 0.19355 0.66667 0.33333 0.42857 1
0.44156 0 0.5 0.59 0.37234 0 0 0.9505 0 0.1129 0.33333 0 0.42857 0
0.74026 1 1 0.66 0.36702 0 0 0.83168 1 0 0.33333 0 1 0
0.83117 1 1 0.725 0.37589 0 1 0.65347 0 0.032258 0.66667 0.66667 0.85714 1
0.76623 1 1 0.69 0.4805 0 1 0.90099 0 0 0.33333 0 0.42857 0
0.64935 1 0.75 0.7 0.41312 0 0 0.80693 0 0.096774 0.66667 0.33333 1 1
0.66234 1 0.25 0.625 0.37766 0 1 0.61881 1 0.22581 0.33333 0.33333 0.42857 0
0.7013 1 0.5 0.96 0.50177 0 1 0.96535 0 0 0.33333 0.33333 1 1
0.68831 1 1 0.615 0.5 0 0 0.4703 1 0.032258 0.66667 0.66667 1 1
0.67532 1 1 0.56 0.4078 0 0 0.79208 0 0 0.33333 0.33333 0.42857 1
0.51948 1 1 0.55 0.2961 0 1 0.56436 1 0.032258 0.66667 0 1 1
0.75325 1 0.75 0.66 0.39716 0 1 0.85644 0 0.51613 0.33333 0.66667 1 1
0.53247 0 0.75 0.56 0.47518 0 1 0.85149 1 0 0.33333 0 0.42857 0